9 9

15 16 17 1 1 1 6 16 17
18 16 12 1 1 1 18 15 11
15 15 13 1 1 1 17 14 12
7 20 14 1 1 1 19 12 13
15 16 17 1 1 1 6 16 17
18 16 12 1 1 1 18 15 11
15 15 13 1 1 1 17 14 12
7 20 14 1 1 1 19 12 13
7 20 14 1 1 1 19 12 13

1 1 1 19 46 219 6 1 1
1 6 1 18 19 19 1 1 1
1 1 1 17 19 19 1 1 1
4 2 1 16 19 19 1 1 1
3 1 1 15 19 19 6 1 1
1 1 5 14 19 19 1 1 1
1 3 2 13 19 19 1 1 1
7 2 4 12 19 19 1 1 1
7 2 4 12 19 19 1 1 1

15 19 3 3 3 15 19 14
15 19 3 3 3 15 19 14
15 19 3 3 3 15 19 14
15 19 3 3 3 15 19 14
15 15 3 3 3 15 19 14
15 14 3 3 3 15 19 14
15 19 3 3 3 15 19 14
15 19 3 3 3 15 19 14
15 19 3 3 3 15 19 14

20 20 20 20 20 20 20 20 20
20 20 20 20 20 20 20 20 20
20 20 20 20 20 20 20 20 20
20 20 20 20 20 20 20 20 20
20 20 20 20 20 20 20 20 20
20 20 20 20 20 20 20 20 20
20 20 20 20 20 20 20 20 20
20 20 20 20 20 20 20 20 20